1676225
1676241
1676283
1676292
1676295
1676303
1676321
1676357
1676369
1676374
1676407
1676424
1676425
1676446
1676456
1676473
1676496
1676512
1676521
1676540
1676553
1676555
1676558
1676579
1676584
1676604
1676606
1676657
1676708
1676714
1676764
1676825
1676845
1676849
1676851
959831
959836
959848
959859
959865
959877
959881
959886
959950
959983
960008
960011
960014
960047
960055
960119
960123
960161
960166
960185
960192
960205
960221
960235
960238
960246
960264
960277
960284
960288
960294
960346
960348
960349
960379
960387
960389
960391
960396
960397
960415
960418
960420
960434
960437
960452
960483
960485
960489
960503
960510
960514
960519
960520
960529
960545
960587
960629
960636
960654
960661
960663
960678
960682
960684
960685
960691
960716
960724
960750
960767
960777
960796
960811
960822
960835
960874
960908
960913
960929
960931
960968
960988
960990
960999
961017
961035
961050
961077
961082
961095
961111
961124
961130
961132
961136
961154
961155
961158
961444
961452
961462
961483
961486
961494
961497
961532
961535
961541
961542
961549
961554
961575
961578
961608
961668
961672
961677
961679
961684
961694
961730
961736
961752
961815
961816
961823
961837
961852
961876
961879
961893
961900
961910
961923
961926
961945
961973
961991
962006
962010
962028
962043
962071
962083
962092
962094
962106
962155
962156
962161
962171
962193
962209
962210
962245
962264
962289
962291
962304
962306
962323
962333
962345
962357
962370
962399
962508
962515
962532
962539
962540
962571
962577
962609
962617
962620
962672
962676
962684
962693
962695
962738
962776
962780
962782
962834
962863
962866
962887
962896
962935
962944
962951
962975
962987
963004
963064
963069
963093
963095
963116
963128
963148
963155
963167
963168
963172
963230
963231
963233
963274
963305
963309
963324
963344
963360
963367
963389
963392
963424
963452
963462
963465
963468
963477
963507
963509
963524
963526
963535
963549
963558
963571
963572
963582
963592
963595
963601
963621
963667
963672
963676
963678
963679
963683
963708
963723
963731
963737
963743
963780
963883
963891
963904
963931
963934
963936
963940
963949
963952
965556
965560
965576
965606
965610
965629
965630
965633
965643
965649
965671
965697
965726
965770
965773
965807
965819
965828
965854
965861
965862
965865
965873
965884
965887
965890
965920
965923
965926
965940
965949